8.215384 8.295107 8.648649 6.842003 8.801084 7.021269 8.842135 7.427339 8.031890 9.086890 8.574101 8.594935 7.786175 9.929204 8.101579 8.583646 9.584407 7.854946 6.104175 7.856784 8.640656 8.492948 8.404128 8.676429 6.695758 7.908380 8.564079 8.481282 8.672010 9.003739 8.868731 10.140282
8.944974 8.452206 8.452282 5.876542 9.781042 7.248271 8.353148 7.282470 9.018600 7.824142 9.926015 8.181904 6.497537 10.888928 8.423983 7.736968 9.478072 7.850094 7.101821 7.899949 9.787561 8.714450 8.739716 8.310476 7.719845 7.601350 8.898897 9.023498 8.944285 8.850819 9.458750 9.773902
9.636617 10.134122 9.211449 7.595485 10.928908 8.473612 10.312178 8.126446 10.495449 8.966518 10.622635 9.654430 8.990700 10.951422 8.723438 9.933833 10.095402 9.571037 7.705944 8.331646 9.063194 9.393945 10.214387 9.551766 8.230481 7.270058 9.312314 9.822269 9.743487 10.254834 10.553812 10.411678
8.999044 9.463282 8.046716 7.175744 9.878268 8.352541 9.669473 8.064469 9.371212 8.894080 9.431655 8.413661 7.940694 11.073747 8.569662 9.306308 9.770595 8.818058 7.163024 7.365475 9.282737 8.336030 9.034201 8.542300 7.065139 7.050279 9.473341 9.363936 8.951571 8.648866 9.484833 10.317447
6.808974 6.859117 7.966841 5.626312 7.711225 7.041139 7.842995 6.160124 7.390354 6.997420 7.966689 7.722589 5.617792 8.485404 6.416328 7.699941 7.862040 7.264913 5.552800 6.017123 7.360159 7.735036 7.505355 7.007459 6.287938 6.634043 6.568521 7.252193 8.043281 7.016854 8.605065 7.820704
9.268497 7.766234 8.325833 5.945913 9.626727 7.802159 8.297064 7.669117 8.736538 8.332563 8.807490 9.325451 7.566557 9.322414 6.970374 8.472643 8.959300 8.761195 7.251101 7.311372 7.863280 9.390337 8.848653 7.511534 8.195466 7.083704 7.897140 7.258412 7.817696 8.610107 9.321960 9.766664
10.148006 10.320609 9.721670 6.669735 11.246401 8.778359 10.630400 8.872377 10.925958 9.735815 10.618449 9.289971 8.499292 11.039779 9.982254 9.478645 10.618479 9.537661 8.867413 7.888943 9.473319 8.563624 10.188042 9.346467 8.757679 6.626923 9.270977 9.720798 9.180311 10.348442 11.099347 11.090225
7.896379 7.741292 7.726758 6.026250 8.783647 7.586703 8.691704 7.128058 9.342671 7.530190 9.010948 8.357613 7.275386 9.280741 7.802680 8.298483 7.982966 7.481710 6.640244 7.344685 8.397552 8.023531 8.691357 7.810126 6.863388 6.547454 7.012329 7.863282 7.670114 7.791337 8.151356 8.901313
8.231067 8.069810 7.750766 5.997801 9.792591 7.617418 7.616118 7.304600 9.432417 7.438919 9.009978 7.158211 6.239541 9.584409 7.500797 7.698858 8.083376 7.458502 7.231129 7.692339 8.102541 8.242548 9.152914 8.372611 6.725893 6.562530 8.214596 7.427861 8.531602 8.750676 9.217070 9.880318
9.200866 9.112444 9.718633 6.765878 10.731908 8.579529 10.340035 8.014390 10.324430 9.370826 10.035039 9.820395 9.085333 10.943254 8.814138 9.606159 10.213604 9.072936 8.357832 8.003376 9.186303 9.265944 9.781543 8.294544 8.092521 7.815703 9.609437 9.394247 9.159469 9.759715 10.529990 11.315280
7.750945 7.539840 7.509967 5.303222 8.171316 6.520177 7.149639 7.223454 7.964594 7.262603 7.449734 7.214135 6.427947 8.805676 7.858209 7.998659 7.835686 8.358151 5.654944 6.223680 7.143470 7.291799 7.340060 7.703494 6.412648 6.641157 7.193013 6.574781 7.391431 7.740050 7.956419 8.289561
9.244433 8.885365 8.342911 6.377157 10.395159 7.906067 8.309315 7.985717 9.916523 8.727080 9.358771 8.795173 7.194446 10.429117 8.361599 9.177169 9.480301 8.738000 7.257226 8.282990 9.129964 9.129961 9.304524 9.086490 7.270583 6.922123 8.571527 7.997150 8.382473 9.168539 9.650651 10.062910
6.797088 6.692346 8.020212 5.426123 8.100375 6.994909 7.788780 5.856155 8.116919 6.804830 7.525363 7.408191 6.749388 8.286109 6.419104 6.975970 8.051489 7.374802 5.856895 7.163054 7.576544 8.005701 7.965549 6.229275 7.047108 6.787008 8.093340 7.435792 7.704076 7.579365 7.815098 8.809862
6.974676 7.881984 6.707171 5.521898 7.602632 7.344597 7.700393 6.267372 8.570014 6.992626 8.146284 7.141922 6.604196 8.795423 7.344818 7.433172 7.929451 6.655426 6.353485 6.902713 8.225802 7.156289 8.053900 6.872179 6.349782 6.648811 7.732369 7.372334 7.192853 8.178781 7.901562 8.679073
7.583548 8.047137 8.678575 5.835013 8.381609 7.543738 8.895288 6.559513 8.634125 7.747693 8.854792 8.162752 7.442161 9.015438 8.011609 8.447187 8.492717 7.744571 7.016783 7.392566 7.903661 7.675596 8.600851 8.167124 7.218079 6.610584 7.709522 8.132410 7.870657 7.579174 8.600237 9.066907
8.380587 8.469421 9.302405 6.585208 9.014516 7.900680 9.229131 7.109267 9.230479 7.864373 9.665481 8.902817 8.388814 9.723018 8.276745 8.639804 8.981547 8.768684 6.804882 7.464008 8.919492 8.372522 9.372742 8.317253 8.313583 6.781590 8.596531 9.271168 9.433005 8.139457 9.261285 8.915284
10.796078 10.671856 10.024308 7.836012 11.176546 9.494153 10.938552 9.477577 11.998348 9.950410 11.146707 10.645233 9.407202 12.991501 10.571743 10.874726 10.542065 10.273096 9.092995 9.520530 10.689874 11.111065 11.202693 10.383907 9.205485 8.709109 10.446826 9.813094 10.061911 11.245218 11.592427 12.753376
6.893592 7.359314 7.609005 5.012655 7.280660 5.836790 7.477083 5.149475 7.195923 6.703292 7.739988 7.606535 6.630111 9.126393 6.715007 6.716887 7.003835 6.923427 6.561108 6.532682 7.168439 7.242393 7.121964 6.699200 6.558412 6.408437 7.484531 7.148975 7.431526 7.837499 8.225228 8.207928
10.372884 10.122059 10.215429 7.521929 11.437895 10.104166 11.286726 8.715123 11.478081 9.467271 11.865011 10.961100 9.271525 12.315888 10.401558 10.391552 10.373176 9.676936 9.132183 9.052232 10.870581 10.260903 11.312862 9.204363 9.322637 9.027513 10.118992 10.238827 9.861148 10.330412 11.662036 11.915433
8.026429 9.094963 8.244666 6.020989 8.912104 7.384392 9.103652 6.812003 9.314818 8.352910 9.401051 8.525916 7.633649 9.568558 8.362115 8.519151 9.115748 8.436398 7.487872 7.491251 8.546853 8.343181 8.241946 8.158080 7.547181 7.035541 8.609588 9.013939 8.857133 10.504793 9.852560 9.862509
7.901236 7.511000 6.990444 5.186576 7.919005 6.059552 7.977953 5.550928 7.936006 6.976883 7.565710 7.496092 6.138229 8.857998 6.613195 7.230181 7.745677 7.429128 6.982930 6.422689 8.165040 7.585787 7.225418 7.944973 7.164352 5.635958 7.772366 7.023181 6.531325 7.169932 8.230318 9.077295
8.170417 8.890694 8.166996 6.353045 9.172542 7.393687 9.289214 6.572849 9.960217 7.584763 9.277339 7.902606 7.525820 9.949475 8.265396 8.736935 8.294984 8.893159 7.269884 7.016504 8.237389 8.645559 9.417725 7.917048 7.415924 7.418656 8.010244 8.190492 8.648079 8.935071 9.231035 9.231988
7.325440 7.473923 7.728483 5.284256 8.479657 7.354904 8.053896 5.545391 8.187544 7.302132 8.524178 8.063427 6.914873 8.853602 6.900203 8.071593 8.476922 7.914861 6.685870 6.232124 7.217839 7.570369 7.470241 7.342189 7.063975 7.283154 7.880023 7.317169 7.758888 7.525107 9.099121 8.498794
8.407476 8.941053 8.659830 6.673135 10.147811 7.814471 9.075135 6.459640 9.294678 7.753889 9.207973 8.029846 7.662958 9.926471 7.140339 8.977140 9.119092 8.900334 6.925730 7.323454 9.157337 8.707723 9.492054 8.334760 8.055360 7.264739 8.670836 8.747268 8.653136 9.203154 9.477662 9.621697
7.663144 7.063014 7.539901 4.643228 7.513500 6.555535 7.790994 6.065594 7.719243 6.148636 7.923505 7.765374 6.223606 8.596498 6.856275 6.930579 7.580510 7.727143 5.924442 6.419061 8.073434 7.947952 7.779469 6.141606 7.430768 6.929425 6.995873 7.625477 7.555275 7.121838 8.549346 7.898046
7.602868 7.489963 7.935657 5.380102 8.482314 7.671956 7.464296 6.178828 8.836741 6.882743 8.492380 8.073830 6.945667 9.254322 7.593006 7.521216 8.537238 6.773621 6.944829 6.673262 8.414674 7.348408 8.516307 7.086035 6.989961 6.348163 8.364529 7.826862 6.709687 7.924008 7.997585 9.252175
7.087550 6.614725 7.795096 6.225576 7.293225 5.929209 7.201891 5.694188 6.768058 6.580814 7.420207 7.578361 6.304859 8.971118 5.551645 7.107221 7.177470 6.874610 5.296664 6.112313 7.187574 8.060974 7.306033 7.017735 5.841905 5.924766 7.105976 7.021259 8.560964 7.088637 8.566866 8.158900
9.256592 8.637867 9.358756 7.467357 9.954602 8.850711 9.105157 8.771754 10.096921 9.051105 9.875317 9.460702 8.406596 10.704000 8.264905 9.148787 9.167925 8.413051 7.600320 9.045924 9.385431 9.944147 10.138907 8.962635 8.222206 7.677872 8.853547 8.262096 9.581962 9.756154 9.572830 11.182778
8.531144 8.031218 9.237772 7.104834 9.285604 7.744535 8.951697 7.594242 9.453044 7.851212 9.086722 8.888437 8.320767 9.243747 7.843421 9.558338 8.546108 8.787206 6.727679 7.502778 8.636250 9.137547 9.226622 8.661331 7.433410 7.065745 7.605106 8.040205 9.339675 8.523271 9.317634 9.702023
8.167815 7.061615 7.707043 5.680578 8.360918 6.688411 7.252607 7.100404 7.886294 7.493027 8.002215 7.684113 6.974091 8.705712 7.488781 8.022263 7.113829 8.094239 6.310320 7.232091 7.209188 8.380988 8.433072 7.719018 6.922296 6.603093 7.131371 6.085106 7.494711 6.963014 7.892881 8.537482
7.508896 8.137407 8.739900 5.620214 10.012013 7.534665 8.444481 6.150472 9.232355 7.572391 8.309847 8.717810 7.852585 9.395933 6.696062 8.836002 8.625466 8.800629 6.984884 7.239203 8.703323 8.520870 8.879907 6.760729 7.151230 6.988383 8.468811 8.277800 8.053792 8.918999 9.027629 8.860406
8.083463 7.901704 6.439241 5.523419 8.182652 6.707875 7.752432 5.771976 7.844867 6.748704 8.188128 6.559819 6.429514 9.653850 7.005368 7.185783 8.244079 7.471018 6.214865 6.620253 7.590457 7.208795 7.508555 7.400176 7.295717 6.409179 7.976310 7.393581 7.163384 7.082615 7.965443 8.628493
