4.644946 4.649607 5.031048 4.622632 5.490449 4.854888 5.587346 4.964009 3.576761 4.838433 5.246186 4.854546 3.723168 5.920530 6.404864 6.238360
3.636547 3.351217 2.789225 3.197687 3.834024 3.240107 3.714600 4.109067 2.429453 3.173807 3.576953 3.365241 3.430933 3.692485 3.957585 4.628124
4.669874 4.101920 5.028915 4.910544 5.635690 4.633385 5.067081 5.413661 3.461384 4.691234 5.346591 4.907583 3.776748 6.051532 5.818816 6.404105
4.201296 3.491168 3.422538 3.486424 3.999218 2.794270 4.278993 4.083687 2.652856 4.132360 3.668869 3.324988 3.538882 3.797521 4.534585 4.578592
4.106504 4.281497 4.481228 4.373564 4.990880 4.219974 5.386072 4.579769 3.395307 3.844075 4.749328 3.618234 2.896012 5.514592 5.180409 5.783718
4.983550 4.660086 4.667011 4.586915 6.099547 4.777032 5.901136 4.875823 4.033572 4.302241 5.637031 5.079507 3.585549 6.454403 6.075198 6.431084
4.247463 4.996025 4.533637 4.777265 5.029764 4.945868 5.699587 5.751773 3.307610 4.363357 5.106597 4.130172 4.204664 5.536066 6.083785 5.925589
4.087080 3.359613 3.495469 3.791436 4.690132 3.701883 4.565353 4.155168 3.486736 3.553656 4.350627 4.405094 3.422822 5.191784 4.474789 5.028172
3.489592 2.566639 3.785305 3.700669 3.944830 3.143160 3.439357 3.686327 2.260114 2.705897 3.351902 3.715597 2.676266 4.119240 4.211532 4.947996
3.597426 3.579255 3.414035 3.582706 4.248946 3.405026 4.043314 4.002892 2.580360 3.947325 4.503836 3.690746 3.250026 4.610592 4.885333 4.534195
4.203117 3.812468 3.331524 3.565017 4.280298 2.545719 4.223520 3.782336 2.599284 4.234727 3.663642 3.390872 2.690261 4.738412 4.345892 4.143282
4.736351 4.235422 4.549767 4.073147 4.981930 4.097301 5.181129 4.733411 3.450589 4.467220 4.547017 4.810237 3.394042 5.831872 5.477310 6.106290
5.771241 5.524753 5.254978 6.149667 6.785797 4.894262 6.239171 6.445323 4.261793 5.346828 6.553443 5.870772 4.622495 7.491329 6.437312 7.360873
3.935818 3.273530 4.257242 3.983892 4.381406 3.275312 4.194788 3.868479 2.688173 4.214915 3.921050 4.295753 2.761850 4.174301 4.825501 4.935676
3.974651 3.534909 3.896996 4.149164 4.492903 3.850552 4.474906 4.882142 2.618322 4.334452 4.130510 3.544244 3.250720 4.170878 4.710694 4.810532
3.713891 3.922236 4.012491 4.191871 4.500321 3.712222 4.598364 4.037966 3.101303 4.062981 4.343667 3.601444 2.662918 4.377378 4.759794 4.824973
